0 0.53775 0.3392 0.11109999999999999 0.29866666666666664
0 0.71895 0.2962666666666667 0.10544999999999988 0.26080000000000003
0 0.82975 0.27013333333333334 0.11294999999999987 0.30453333333333327
0 0.8354 0.5909333333333333 0.10444999999999993 0.26893333333333336
0 0.7386499999999999 0.6078666666666667 0.09484999999999985 0.28653333333333325
0 0.64775 0.6236 0.09104999999999996 0.3019999999999999
0 0.5560499999999999 0.6470666666666667 0.09370000000000005 0.30626666666666663
0 0.42095 0.6804 0.13349999999999995 0.3035999999999999
0 0.30175 0.7057333333333333 0.11110000000000003 0.2744
0 0.21434999999999998 0.7118666666666666 0.09234999999999999 0.2920000000000001
0 0.1202 0.7382666666666666 0.09994999999999997 0.28613333333333324
0 0.11449999999999999 0.41573333333333334 0.13055 0.28640000000000004