0 0.41135 0.2618367346938775 0.10629999999999995 0.16357142857142853
0 0.60795 0.2618367346938776 0.09550000000000004 0.15704081632653066
0 0.7260500000000001 0.25959183673469394 0.10564999999999998 0.15500000000000003
0 0.32075000000000004 0.43612244897959185 0.07310000000000003 0.16122448979591833
0 0.42255000000000004 0.44387755102040816 0.08870000000000004 0.16857142857142854
0 0.52165 0.44448979591836735 0.0889 0.17387755102040808
0 0.64015 0.43999999999999995 0.11585000000000008 0.18938775510204084
0 0.32335 0.6913265306122449 0.13829999999999998 0.3042857142857142
0 0.46814999999999996 0.6997959183673469 0.14010000000000006 0.3073469387755102
0 0.60975 0.6858163265306122 0.14489999999999995 0.2891836734693878
0 0.765 0.695 0.13965000000000002 0.2871428571428572