0 0.4025 0.28061224489795916 0.115 0.1836734693877551
0 0.5975 0.24489795918367346 0.1 0.17346938775510204
0 0.715 0.2193877551020408 0.11 0.17346938775510204
0 0.3175 0.46938775510204084 0.08 0.17346938775510204
0 0.42 0.45918367346938777 0.095 0.1836734693877551
0 0.52 0.4387755102040816 0.095 0.19387755102040816
0 0.6375 0.413265306122449 0.125 0.21428571428571427
0 0.3325 0.7244897959183674 0.15 0.32653061224489793
0 0.4775 0.7040816326530612 0.155 0.32653061224489793
0 0.6175 0.6632653061224489 0.155 0.3163265306122449
0 0.7725 0.6479591836734694 0.15 0.30612244897959184