0 0.5679500000000001 0.37545454545454543 0.0875 0.26818181818181824
0 0.74055 0.3915909090909091 0.08465000000000003 0.23227272727272724
0 0.8397 0.4152272727272727 0.08305000000000007 0.22499999999999998
0 0.1186 0.6330681818181819 0.07274999999999998 0.25147727272727277
0 0.20545000000000002 0.6476136363636363 0.06855000000000004 0.29886363636363633
0 0.28415 0.6757954545454545 0.06795000000000001 0.2825000000000001
0 0.43295 0.6980681818181818 0.10150000000000006 0.281590909090909
0 0.56275 0.727840909090909 0.07709999999999993 0.2729545454545455
0 0.65125 0.7371590909090909 0.07604999999999996 0.25068181818181823
0 0.7325499999999999 0.74875 0.06865000000000009 0.2420454545454546
0 0.8212999999999999 0.7628409090909091 0.07824999999999989 0.2611363636363636
0 0.14654999999999999 0.29409090909090907 0.10474999999999998 0.27818181818181814