0 0.5675 0.375 0.09 0.2727272727272727
0 0.74 0.3806818181818182 0.085 0.23863636363636365
0 0.84 0.4034090909090909 0.085 0.22727272727272727
0 0.12 0.6477272727272727 0.075 0.25
0 0.2075 0.6590909090909091 0.07 0.3068181818181818
0 0.285 0.6818181818181818 0.07 0.2840909090909091
0 0.435 0.6988636363636364 0.105 0.2840909090909091
0 0.565 0.7272727272727273 0.08 0.2727272727272727
0 0.6525 0.7329545454545454 0.08 0.25
0 0.735 0.7386363636363636 0.07 0.25
0 0.8225 0.75 0.08 0.26136363636363635
0 0.145 0.3068181818181818 0.105 0.2840909090909091