0 0.31495000000000006 0.3904065040650407 0.08940000000000001 0.17439024390243904
0 0.39704999999999996 0.3516260162601626 0.051149999999999946 0.1577235772357724
0 0.45895 0.34975609756097564 0.07260000000000005 0.18349593495934963
0 0.5397 0.3117073170731708 0.06614999999999994 0.14975609756097563
0 0.73165 0.23959349593495935 0.09784999999999996 0.1572357723577236
0 0.59595 0.29878048780487804 0.06135000000000005 0.16577235772357723
0 0.65905 0.27552845528455283 0.07490000000000002 0.1652032520325203
0 0.23684999999999998 0.6545528455284553 0.20565000000000005 0.2351219512195121
0 0.4167 0.5952032520325202 0.18784999999999996 0.21390243902439027
0 0.5873 0.5433333333333333 0.18660000000000004 0.22000000000000003
0 0.7707999999999999 0.4764227642276423 0.1535499999999999 0.23666666666666666