0 0.315 0.3943089430894309 0.09 0.17886178861788618
0 0.395 0.35365853658536583 0.055 0.16260162601626016
0 0.4575 0.34959349593495936 0.075 0.18699186991869918
0 0.5375 0.3089430894308943 0.07 0.15447154471544716
0 0.73 0.23170731707317074 0.1 0.16260162601626016
0 0.595 0.2967479674796748 0.065 0.17073170731707318
0 0.6575 0.27235772357723576 0.075 0.17073170731707318
0 0.2375 0.6626016260162602 0.21 0.24390243902439024
0 0.4175 0.5975609756097561 0.19 0.21951219512195122
0 0.5875 0.540650406504065 0.19 0.22764227642276422
0 0.77 0.46747967479674796 0.155 0.24390243902439024