0 0.3173 0.4861061946902655 0.059700000000000024 0.16053097345132744
0 0.39844999999999997 0.47106194690265485 0.06849999999999995 0.15106194690265493
0 0.479 0.4668141592920354 0.059899999999999946 0.1465486725663717
0 0.5732 0.45238938053097344 0.08545000000000001 0.15893805309734507
0 0.7077 0.24982300884955752 0.0452000000000001 0.18185840707964607
0 0.7662 0.23849557522123893 0.052849999999999966 0.15504424778761064
0 0.5146000000000001 0.2672566371681416 0.05195000000000007 0.16336283185840708
0 0.17600000000000002 0.2971681415929203 0.0818 0.1530088495575221
0 0.22405 0.7300884955752213 0.13829999999999998 0.2327433628318585
0 0.3909 0.7119469026548673 0.13010000000000005 0.24592920353982295
0 0.55375 0.7002654867256637 0.11870000000000004 0.2594690265486725
0 0.7204999999999999 0.6831858407079646 0.14055000000000006 0.2541592920353982