0 0.3175 0.49557522123893805 0.065 0.168141592920354
0 0.3975 0.4778761061946903 0.07 0.1592920353982301
0 0.4775 0.4690265486725664 0.065 0.1504424778761062
0 0.5725 0.4469026548672566 0.09 0.168141592920354
0 0.7025 0.23893805309734514 0.05 0.18584070796460178
0 0.76 0.22123893805309736 0.055 0.1592920353982301
0 0.51 0.26548672566371684 0.055 0.168141592920354
0 0.1725 0.3185840707964602 0.085 0.1592920353982301
0 0.23 0.7477876106194691 0.145 0.23893805309734514
0 0.395 0.7168141592920354 0.135 0.25663716814159293
0 0.5575 0.6946902654867256 0.125 0.26548672566371684
0 0.725 0.668141592920354 0.145 0.26548672566371684